2.218511E-18
2.173342E-18
2.265840E-18
1.619010E-18
 1.52012E-18
1.721456E-18
4.195951E-18
4.649712E-18
4.735423E-18
6.996512E-19
6.843042E-19
7.028992E-19
7.272144E-19
2.863827E-18
2.759933E-18
1.098901E-18
1.051296E-18
1.119005E-18
1.423989E-18
 1.60072E-18
1.434925E-18
1.763560E-18
3.881887E-18
3.977873E-18
3.881887E-18
9.999072E-19
1.013065E-18
1.009720E-18
1.036672E-18
9.594928E-19
9.850175E-19
1.003956E-18
1.971462E-18
1.813693E-18
1.939764E-18
1.891516E-18
1.965023E-18
1.879902E-18
1.868460E-18
1.542619E-18
1.605883E-18
1.507030E-18
1.609597E-18
1.813246E-18
1.399033E-18
1.497693E-18
1.609597E-18
1.785557E-18
1.908950E-18
1.835207E-18
1.675564E-18
1.658383E-18
1.510626E-18
1.643549E-18
1.772911E-18
5.321434E-18
4.479688E-18
4.267321E-18
1.927767E-18
1.914421E-18
1.028254E-18
1.061318E-18
1.066170E-18
1.464864E-18
1.668657E-18
1.574719E-18
2.606612E-18
2.715558E-18
  1.0211E-18
9.969932E-19
9.291992E-19
9.510635E-19
1.082576E-18
1.056348E-18
9.875623E-19
1.667644E-18
1.728524E-18
1.409676E-18
1.521385E-18
1.749638E-18
1.573693E-18
1.521385E-18
1.455886E-18
