2.21851e-18
2.17334e-18
2.26584e-18
1.61901e-18
 1.5201e-18
1.72145e-18
4.19595e-18
4.64971e-18
4.73542e-18
6.99651e-19
6.84304e-19
7.02899e-19
7.27214e-19
2.86382e-18
2.75993e-18
2.52560e-18
1.15657e-18
1.09890e-18
1.05129e-18
1.11900e-18
1.42398e-18
 1.6007e-18
1.43492e-18
1.76356e-18
3.88188e-18
3.97787e-18
3.88188e-18
9.99907e-19
1.01306e-18
1.00972e-18
1.03667e-18
9.59492e-19
9.85017e-19
1.00395e-18
1.97146e-18
1.81369e-18
1.93976e-18
1.89151e-18
1.96502e-18
1.87990e-18
1.86846e-18
1.54261e-18
1.60588e-18
1.50703e-18
1.60959e-18
1.81324e-18
1.39903e-18
1.49769e-18
1.60959e-18
1.78555e-18
1.90895e-18
1.83520e-18
1.67556e-18
1.65838e-18
1.51062e-18
1.64354e-18
1.77291e-18
5.32143e-18
4.47968e-18
4.26732e-18
1.92776e-18
1.91442e-18
1.02825e-18
1.14314e-18
1.06131e-18
1.06617e-18
1.46486e-18
1.66865e-18
1.57471e-18
2.60661e-18
2.71555e-18
5.71366e-18
 5.8025e-18
5.62731e-18
5.89410e-18
  1.021e-18
9.96993e-19
9.29199e-19
9.51063e-19
1.08257e-18
1.05634e-18
9.87562e-19
1.11530e-18
1.66764e-18
1.72852e-18
1.40967e-18
1.52138e-18
1.74963e-18
1.57369e-18
1.52138e-18
1.45588e-18
