2.218511e-18
2.173342e-18
2.265840e-18
1.954194e-18
2.496043e-18
1.619010e-18
1.52012e-18
1.721456e-18
3.216655e-18
4.195951e-18
4.649712e-18
4.735423e-18
6.996512e-19
6.843042e-19
7.028992e-19
7.272144e-19
2.863827e-18
1.932736e-18
2.759933e-18
2.525604e-18
1.156574e-18
1.098901e-18
1.051296e-18
1.119005e-18
1.287209e-18
1.423989e-18
1.60072e-18
1.434925e-18
1.763560e-18
2.510489e-18
2.37522e-18
4.721307e-18
3.667629e-18
3.490686e-18
3.835864e-18
3.895776e-18
4.420010e-18
4.157412e-18
4.914288e-18
4.825054e-18
3.881887e-18
3.977873e-18
3.881887e-18
9.999072e-19
1.013065e-18
1.009720e-18
1.036672e-18
9.594928e-19
9.850175e-19
1.003956e-18
1.16244e-18
8.689908e-19
1.971462e-18
1.813693e-18
1.939764e-18
1.891516e-18
1.965023e-18
1.879902e-18
1.670523e-18
1.868460e-18
1.542619e-18
1.605883e-18
1.507030e-18
1.609597e-18
1.813246e-18
1.399033e-18
1.497693e-18
1.609597e-18
1.785557e-18
1.908950e-18
1.835207e-18
1.675564e-18
1.658383e-18
1.510626e-18
2.407568e-18
1.643549e-18
1.772911e-18
5.321434e-18
4.479688e-18
4.267321e-18
2.750560e-18
6.099713e-19
6.992662e-19
8.368650e-19
7.563223e-19
1.927767e-18
2.491848e-18
1.91442e-18
2.180027e-18
1.028254e-18
1.143144e-18
1.061318e-18
1.066170e-18
1.464864e-18
1.668657e-18
1.311541e-18
1.574719e-18
2.254716e-18
2.606612e-18
2.715558e-18
2.145254e-18
6.62036e-18
5.713663e-18
5.80255e-18
4.202501e-18
5.627311e-18
6.185902e-18
5.894101e-18
5.382450e-18
4.202501e-18
4.342318e-18
5.993207e-18
6.841970e-18
5.724938e-18
6.498016e-18
5.478718e-18
1.0211e-18
9.969932e-19
1.353623e-18
9.291992e-19
9.510635e-19
1.082576e-18
1.056348e-18
9.875623e-19
7.436841e-19
1.255220e-18
8.676059e-19
1.115308e-18
2.040152e-18
2.067389e-18
1.73514e-18
1.745419e-18
1.73514e-18
1.798351e-18
2.01352e-18
1.949509e-18
1.667644e-18
1.728524e-18
1.409676e-18
1.521385e-18
1.749638e-18
1.573693e-18
1.521385e-18
1.455886e-18
