2.21851123722047E-18
1.61901074416865E-18
4.19595147085351E-18
4.64971280875973E-18
2.86382728049997E-18
2.75993339066098E-18
1.09890166734602E-18
1.05129628479655E-18
1.42398924903462E-18
1.6007268005209E-18
1.43492581804874E-18
3.88188744137467E-18
3.97787342537847E-18
3.88188744137467E-18
9.99907268158158E-19
9.59492884369643E-19
9.85017546280838E-19
1.00395640927332E-18
1.93976409923916E-18
1.89151645901284E-18
1.96502315794589E-18
1.60588302604712E-18
1.60959700239524E-18
1.60959700239524E-18
1.78555756128473E-18
1.90895040037897E-18
1.77291192386919E-18
5.32143477278738E-18
4.47968898089347E-18
1.92776767397716E-18
1.91442103290481E-18
1.46486486179239E-18
1.57471924172134E-18
2.60661227250531E-18
2.71555845865813E-18
5.8025557899508E-18
5.62731178961882E-18
5.89410116325856E-18
9.96993252621639E-19
9.29199289598348E-19
9.51063576374258E-19
1.08257609419861E-18
9.87562359098843E-19
1.11530809863489E-18
1.72852493929307E-18
1.40967692236958E-18
1.74963833210843E-18
1.57369339198043E-18
1.45588677989472E-18
