6.504682E-20
6.135558E-20
5.21887E-19
5.787207E-19
1.902208E-19
1.831934E-19
4.128753E-20
3.944039E-20
5.392624E-20
6.080928E-20
5.435198E-20
6.826070E-19
6.996527E-19
6.826070E-19
1.050091E-19
1.00615E-19
1.033899E-19
1.054495E-19
1.175775E-19
1.145919E-19
1.191407E-19
8.388836E-20
8.408734E-20
8.408734E-20
5.440768E-20
5.808139E-20
7.177535E-20
6.703630E-19
5.649332E-19
1.351075E-19
1.342061E-19
5.940862E-20
6.368898E-20
1.706607E-19
1.776458E-19
3.641059E-19
3.532020E-19
3.698020E-19
1.168592E-19
1.094739E-19
1.118547E-19
1.261944E-19
1.158312E-19
1.297677E-19
9.583047E-20
7.874465E-20
9.696250E-20
8.753115E-20
8.121952E-20
